33517.09 35984.33 33418.0 35466.24 78056.65988     0.0 0.0 
35472.71 37662.63 35362.38 37618.87 80784.333663     48.29618589743768 26.831214387465376 100.0
37620.26 38708.27 36161.95 36936.66 92080.735898     40.38363571173977 32.38548542200406 74.55466385756496
36936.65 38310.12 36570.0 38290.24 66681.334275     84.66564273766562 50.09556581348833 83.51664914125018
38289.32 40955.51 38215.94 39186.94 98757.311183     142.6271547911383 77.62162155410292 86.82672359649781
39181.01 39700.0 37351.0 38795.69 84363.679763     158.0588886192636 99.42459315429609 79.34024383696529
38795.69 46794.45 37988.89 46374.87 138597.536914     508.5825264205996 202.9715507235935 92.618285639982
46374.86 48142.19 44961.09 46420.42 115499.861712     737.608404478713 331.454840529212 92.64886399659203
46420.42 47310.0 43727.0 44807.58 97154.1822     804.9626287413339 440.8374886904628 80.01048446202465
44807.58 48678.9 43994.02 47969.51 89561.081454     1003.8995559826508 566.9960774720626 84.480225401914
47968.66 48985.8 46125.0 47287.6 85870.035697     1097.2465248474764 683.0118455406428 80.30954655531121
47298.15 48150.0 46202.53 47153.69 63768.097399     1143.400218054834 781.8839600138625 79.47973641494832
47156.78 49707.43 47014.17 48577.79 73735.475533     1242.9061766767554 879.4522783733834 81.6511053971584
48580.47 49010.92 45570.79 47911.1 79398.156784     1262.606155727226 959.6083553929486 77.5157866407088
47911.1 50689.18 47003.62 49133.45 88813.266298     1333.8894617481492 1037.1943926683857 79.559819907904
49133.45 52618.74 48947.0 52119.71 85743.637818     1552.3289379261987 1143.205241850407 83.50509143398716
52117.67 52530.0 50901.9 51552.6 60758.046954     1664.5598651962355 1249.8782286372923 80.33394956894493
51552.61 56368.0 50710.2 55906.0 79659.77802     2004.5573848322601 1403.5829581260894 85.03278029471937
55906.0 57700.46 53863.93 55841.19 80948.205314     2237.3093643679967 1572.766430163673 84.70829373182113
55841.19 58352.8 55477.59 57408.57 58166.708511 46237.936 59552.858029007286 32923.01397099272 0.5759306396811175 2491.8727748947276 1758.731733078294 86.09069096800198
57412.35 57508.47 47622.0 54087.67 134019.434944 47169.0075 59904.081011867485 34433.933988132514 0.5399763186396274 2438.9808855396986 1896.0480833559288 71.36914036558014
54087.67 54183.59 44892.56 48891.0 169375.025051 47732.614 59660.22062090466 35805.00737909534 0.49976758536227084 2020.3967698134802 1921.1026910216299 55.40343591024743
48891.0 51374.99 46988.69 49676.2 91881.209252 48369.591 59177.79605462286 37561.385945377144 0.4469008247195167 1725.157770437043 1881.6810023279813 56.96979339439778
49676.21 52041.73 46674.34 47073.73 83310.673121 48808.7655 58554.054377566456 39063.47662243355 0.399325357965321 1296.5780017905709 1764.1051660319797 50.62334894658076
47073.73 48424.11 44106.78 46276.87 109423.200663 49163.262 57898.287998931235 40428.23600106877 0.3553476984066367 892.6672128368155 1589.1566385429937 48.8296465129288
46276.88 48394.0 45000.0 46106.43 66060.834292 49528.799 56950.15584775517 42107.442152244825 0.2996784496129282 555.8140502348688 1381.8616101009654 48.434346208492464
46103.67 46638.46 43000.0 45135.66 83055.369042 49466.8385 57018.61309811174 41915.06390188826 0.30532675332027703 218.05293814997276 1148.5357283450887 46.1430593788551
45134.11 49790.0 44950.53 49587.03 85086.111648 49625.169 57039.54454432259 42210.79345567741 0.2988151252169071 270.4426148124403 972.576751478035 56.34193949007919
49595.76 50200.0 47047.6 48440.65 64221.06214 49806.822499999995 56895.07139652068 42718.57360347931 0.28462963669367536 225.53509640944685 822.9368639540173 53.53048181944364
48436.61 52640.0 48100.71 50349.37 81035.913705 49925.815500000004 56963.92227109746 42887.70872890255 0.28194258623967605 326.49024560892576 723.5244737067109 57.346841183622324
50349.37 51773.88 47500.0 48374.09 82649.716829 49980.14 56948.93731152638 43011.34268847362 0.2788626567082998 257.0899214427991 630.1450847864178 52.5381489062955
48374.09 49448.93 46300.0 48751.71 78192.496372 50060.041 56928.30797086769 43191.774029132306 0.27440117241884365 227.68702807252703 549.5896508535292 53.34360098496498
48746.81 49200.0 47070.0 48882.2 44399.234242 50075.2615 56931.035727715025 43219.487272284976 0.27381880882299636 211.73794570864266 481.97645487031616 53.636406364515416
48882.2 51450.03 48882.2 50971.75 55235.028032 50228.293999999994 57016.97667126805 43439.61132873194 0.2703130897206286 352.4172062528305 456.05145961249923 58.16410130141249
50959.11 52402.78 49274.67 52375.17 66987.359664 50390.38 57223.64946020951 43557.11053979048 0.27121325380794964 563.4115167135024 477.5321846499757 60.924217272690605
52375.18 54895.0 51789.41 54884.5 71656.737076 50528.6195 57616.32262195332 43440.916378046684 0.2805421241303977 910.6708352165297 564.1880361948959 65.3287741745253
54874.67 57387.69 53005.0 55851.59 84749.238943 50743.569 58212.52520082827 43274.61279917174 0.29438040516339187 1244.925493447503 700.3708827337308 66.87830728151874
55851.59 58150.0 54272.82 57773.16 81914.812859 50836.927 58617.744822544475 43056.10917745553 0.3061088968868819 1637.8997035326975 887.9155984070452 69.76934173617855
57773.15 58081.51 54962.84 57221.72 73405.406047 50905.953499999996 58895.39375134831 42916.51324865168 0.31389021134230655 1884.6539640263363 1087.2963993487076 67.93672318552024
57221.72 61844.0 56078.23 61188.39 83245.091346 51094.9445 59872.04527819966 42317.84372180034 0.3435604388688458 2359.174512820151 1341.7058388579349 73.35784631627806
61188.38 61724.79 58966.78 58968.31 52601.05275 51338.976500000004 60717.23312031688 41960.71987968313 0.3653464583703524 2533.420063656289 1580.0740314716 66.57347186993948
58976.08 60633.43 54600.0 55605.2 102771.427298 51674.686499999996 61164.011380859345 42185.36161914065 0.36727169620504035 2382.2717072414816 1740.5272164729695 57.84590843252992
55605.2 56938.29 53271.34 56900.75 77986.694355 52035.914000000004 61752.23447616773 42319.59352383228 0.3734467112912718 2336.491340915294 1859.7281537568501 60.020259036512684
56900.74 58974.73 54123.69 58912.97 70421.620841 52627.876000000004 62512.41944783317 42743.33255216684 0.3756390794807362 2429.3789310283682 1973.6645124965664 63.195634871174796
58912.97 60129.97 57023.0 57648.16 66580.406675 53196.440500000004 62848.24816797378 43544.632832026226 0.3628741914780474 2376.323592200395 2054.199836245408 59.97134935228716
57641.0 59468.0 56270.74 58030.01 52392.652961 53792.61950000001 63066.058261530285 44519.18073846973 0.34478479939168144 2337.2195957977237 2110.8057605844574 60.624516745501346
58030.01 59880.0 57820.17 58102.28 44476.941776 54440.9505 62947.39053505824 45934.510464941755 0.3125015253015556 2285.474567511141 2145.74049580808 60.75503984591835
58100.02 58589.1 55450.11 57351.56 48564.470274 54829.177 63108.56722631146 46549.786773688546 0.30200672996829614 2160.3004831564394 2148.652558218914 58.58266279004864
57351.56 58430.73 53650.0 54083.25 62581.626169 55111.30700000001 62840.34479793992 47382.269202060095 0.2804882779477508 1782.4073605484227 2075.402211854968 50.171767302092775
54083.25 55830.9 53000.0 54340.89 59789.365427 55310.882999999994 62721.77834836269 47899.9876516373 0.26797241144614153 1486.203877062464 1957.5608630085344 50.77178211714694
54342.8 57200.0 51700.0 52303.65 83537.465021 55507.361 62328.825389126636 48685.89661087336 0.2457859378011734 1077.6800729598908 1781.5826956833396 46.04976560542176
52303.66 53287.0 50427.56 51293.78 87400.534538 55634.46449999999 62005.80041499497 49263.128585005004 0.22904276952265745 666.1911152074172 1558.5023418862656 43.87157309513046
51293.78 55073.46 51214.6 55025.59 63813.774692 55941.634 61480.23949839005 50403.028501609944 0.19801371902687198 629.2852282915992 1372.6575611050753 52.763317355201856
55025.59 56700.36 53950.0 55817.14 50105.475055 56183.90349999999 61207.08299609101 51160.724003908974 0.1788120505400989 655.4135321534923 1229.2079167071981 54.41295678962269
55817.14 56559.75 54691.84 55777.63 39050.387511 56354.0265 61054.157489607096 51653.895510392904 0.1668072818046851 665.2855959040535 1116.4229250731294 54.311001254421164
55777.65 58405.82 54800.01 57635.47 67857.937398 56491.575 61171.60078220302 51811.54921779697 0.16568933623121768 811.7761339925855 1055.4933388923741 58.270478490885594
57635.46 59368.0 57071.35 58746.57 55122.443122 56636.324 61411.12457383902 51861.52342616098 0.1686126583299799 1004.8704825516179 1045.3687373197176 60.476506665477004
58746.57 59800.0 56769.0 58740.55 60975.542666 56684.69350000001 61527.10484510612 51842.282154893895 0.17085428344447562 1144.1851701706764 1065.1320712136921 60.45785797104314
58739.46 59490.0 57935.45 58720.44 47415.61722 56759.6295 61682.74489225442 51836.514107745585 0.17347242875341243 1238.6709309811122 1099.8399096541857 60.39086438204505
58720.45 60200.0 58428.57 58950.01 47382.418781 56647.7105 61237.3874626745 52058.0335373255 0.16204280533719012 1316.6969912162385 1143.2113924332002 60.92320205864421
58950.01 59791.72 56880.0 57051.94 47409.852113 56551.89200000001 61015.87618228485 52087.90781771517 0.15787214271398164 1212.6691370421395 1157.1029583859984 54.411904519900844
57051.95 58492.85 56388.0 58202.01 41314.081973 56681.7325 61180.70262228539 52182.76237771461 0.15874497563338916 1208.359470592637 1167.354270881784 57.38394549310443
58202.01 59272.0 56777.77 59129.99 54258.01579 56793.1945 61423.55195665491 52162.837043345084 0.16306029260794316 1264.6842767472117 1186.8202873286402 59.66872512421018
59129.99 59495.24 57413.02 57991.15 54201.000727 56747.10349999999 61306.42385428778 52187.7831457122 0.16068909505796325 1204.1464989624073 1190.285531830563 55.72055980100641
57990.03 58655.0 55473.0 55953.45 71228.405659 56662.368 61214.16442742752 52110.57157257249 0.16066382638394197 981.4482621384814 1148.5180569178517 49.41955748322209
55953.44 58153.31 55700.0 58077.52 44283.147019 56664.743500000004 61219.593745096376 52109.89325490363 0.16076487649137144 964.2499482357889 1111.6644203760616 55.11710892608867
58077.52 58894.9 57654.0 58142.54 40831.884911 56666.756499999996 61224.316531666496 52109.196468333495 0.16085480493899454 944.937409253791 1078.3190074348051 55.283159189003115
58142.55 61500.0 57900.01 59769.13 69906.424117 56787.634999999995 61545.5085213672 52029.76147863279 0.1675672361198773 1048.1434726499647 1072.2838989261497 59.33621310345277
59769.13 60699.0 59232.52 60002.43 41156.715391 57083.594 61869.4687467606 52297.7192532394 0.16767951740251677 1135.5697879229047 1084.9410793289317 59.89765186675239
59998.8 61300.0 59350.59 59860.0 56375.037117 57359.5495 62115.926105670354 52603.17289432965 0.16584428040775856 1179.7987947927322 1103.9126255434685 59.35882248469399
59860.01 63777.77 59805.15 63575.0 82848.688746 57923.117000000006 62825.905703624114 53020.3282963759 0.16928607980900295 1496.18257291372 1182.3666253452318 67.55680693712608
63575.01 64854.0 61301.0 62959.53 82616.343993 58506.404500000004 62829.90726579438 54182.901734205625 0.14779587987822354 1678.0705679516032 1281.5074243072506 65.2099457586641
62959.53 63800.0 62020.0 63159.98 51649.70034 58913.123999999996 63385.76579804957 54440.48220195042 0.15183855461644083 1817.3716122660626 1388.6802709283072 65.62873704028013
63158.74 63520.61 60000.0 61334.8 91764.139884 59189.007000000005 63536.508671724536 54841.505328275474 0.14690233514897558 1760.6413422299593 1463.0724902026632 58.699844857707326
61334.81 62506.05 59580.91 60006.66 58912.256128 59400.45849999999 63450.55245308984 55350.36454691015 0.13636574717987562 1590.480616757348 1488.5541168875666 54.21438350415973
60006.67 60499.0 50931.3 56150.01 124882.131824 59326.1855 63562.75291298154 55089.61808701846 0.14282284887443294 1132.2066624705913 1417.2846229298968 43.758054790863845
56150.01 57526.81 54221.58 55633.14 78229.042267 59170.514 63714.41332202881 54626.61467797119 0.15358660977759328 719.1345757103991 1277.6546086675426 42.572956699297166
55633.14 57076.24 53329.96 56425.0 72744.482151 59054.7365 63759.90139949325 54349.57160050675 0.1593492809672683 450.33738799409184 1112.1911599649054 45.0292472543873
56425.0 56757.91 53536.02 53787.63 66984.756909 58808.096 64071.12025530948 53545.07174469052 0.17898978587266215 24.67223931694025 894.6873710316132 39.039902103024325
53787.62 55521.48 50500.0 51690.96 104656.631337 58445.14349999999 64593.674525175804 52296.61247482418 0.2104034880220908 -476.0251475861296 620.5448624643859 35.048728454393355
51690.95 52131.85 47500.0 51125.14 132230.780719 58148.8035 65099.09539438468 51198.51160561532 0.23905193146010928 -907.92797877673 314.85028989523835 34.03742498448561
51110.56 51166.22 48657.14 50047.84 55361.512573 57741.094999999994 65578.31257834076 49903.87742165922 0.2714606495890239 -1321.7497081236215 -12.469713409809584 32.13614507604916
50047.84 50567.91 46930.0 49066.77 58255.645004 57237.933999999994 65943.71994118071 48532.14805881928 0.3041963723282086 -1709.0355604072465 -351.78288587881104 30.467098422234344
49066.76 54356.62 48753.44 54001.39 86310.802124 57038.44600000001 65853.7179220475 48223.17407795253 0.3090993019707262 -1599.9027801310658 -601.4068665357921 45.73372576387908
54001.38 55460.0 53222.0 55011.97 54064.034675 56991.371999999996 65841.02747901902 48141.716520980975 0.3105612364980096 -1415.6568546832423 -764.2568651081192 48.240110627636504
55011.97 56428.0 53813.16 54846.22 55130.459015 56829.80699999999 65713.88862007843 47945.725379921554 0.31265570266949666 -1268.3767179340648 -865.0808361402931 47.849750944336215
54846.23 55195.84 52330.94 53555.0 52486.019455 56600.43000000001 65578.19928568741 47622.660714312595 0.3172332537292529 -1241.4159125564329 -940.3478517024114 44.80786908246544
53555.0 57963.0 53013.01 57694.27 68578.910045 56496.687 65367.59979291955 47625.774207080445 0.3140330261461014 -876.2963950355697 -927.5375603310699 54.740805901582235
57697.25 58458.07 56956.14 57800.37 42600.351836 56386.583999999995 65128.005026514875 47645.162973485116 0.3100532221109504 -571.7944196796452 -856.3889320320617 54.964539614090356
57797.35 57911.02 56035.25 56755.0 29857.483595 56231.333999999995 64822.004065321875 47640.663934678116 0.3055474396293668 -410.0255171072058 -767.116248877728 52.22521091635417
33517.09-35984.33-33418.0-35466.24-78056.65988-----0.0-0.0-
35472.71-37662.63-35362.38-37618.87-80784.333663-----48.29618589743768-26.831214387465376-100.0
37620.26-38708.27-36161.95-36936.66-92080.735898-----40.38363571173977-32.38548542200406-74.55466385756496
36936.65-38310.12-36570.0-38290.24-66681.334275-----84.66564273766562-50.09556581348833-83.51664914125018
38289.32-40955.51-38215.94-39186.94-98757.311183-----142.6271547911383-77.62162155410292-86.82672359649781
39181.01-39700.0-37351.0-38795.69-84363.679763-----158.0588886192636-99.42459315429609-79.34024383696529
38795.69-46794.45-37988.89-46374.87-138597.536914-----508.5825264205996-202.9715507235935-92.618285639982
46374.86-48142.19-44961.09-46420.42-115499.861712-----737.608404478713-331.454840529212-92.64886399659203
46420.42-47310.0-43727.0-44807.58-97154.1822-----804.9626287413339-440.8374886904628-80.01048446202465
44807.58-48678.9-43994.02-47969.51-89561.081454-----1003.8995559826508-566.9960774720626-84.480225401914
47968.66-48985.8-46125.0-47287.6-85870.035697-----1097.2465248474764-683.0118455406428-80.30954655531121
47298.15-48150.0-46202.53-47153.69-63768.097399-----1143.400218054834-781.8839600138625-79.47973641494832
47156.78-49707.43-47014.17-48577.79-73735.475533-----1242.9061766767554-879.4522783733834-81.6511053971584
48580.47-49010.92-45570.79-47911.1-79398.156784-----1262.606155727226-959.6083553929486-77.5157866407088
47911.1-50689.18-47003.62-49133.45-88813.266298-----1333.8894617481492-1037.1943926683857-79.559819907904
49133.45-52618.74-48947.0-52119.71-85743.637818-----1552.3289379261987-1143.205241850407-83.50509143398716
52117.67-52530.0-50901.9-51552.6-60758.046954-----1664.5598651962355-1249.8782286372923-80.33394956894493
51552.61-56368.0-50710.2-55906.0-79659.77802-----2004.5573848322601-1403.5829581260894-85.03278029471937
55906.0-57700.46-53863.93-55841.19-80948.205314-----2237.3093643679967-1572.766430163673-84.70829373182113
55841.19-58352.8-55477.59-57408.57-58166.708511-46237.936-59552.858029007286-32923.01397099272-0.5759306396811175-2491.8727748947276-1758.731733078294-86.09069096800198
57412.35-57508.47-47622.0-54087.67-134019.434944-47169.0075-59904.081011867485-34433.933988132514-0.5399763186396274-2438.9808855396986-1896.0480833559288-71.36914036558014
54087.67-54183.59-44892.56-48891.0-169375.025051-47732.614-59660.22062090466-35805.00737909534-0.49976758536227084-2020.3967698134802-1921.1026910216299-55.40343591024743
48891.0-51374.99-46988.69-49676.2-91881.209252-48369.591-59177.79605462286-37561.385945377144-0.4469008247195167-1725.157770437043-1881.6810023279813-56.96979339439778
49676.21-52041.73-46674.34-47073.73-83310.673121-48808.7655-58554.054377566456-39063.47662243355-0.399325357965321-1296.5780017905709-1764.1051660319797-50.62334894658076
47073.73-48424.11-44106.78-46276.87-109423.200663-49163.262-57898.287998931235-40428.23600106877-0.3553476984066367-892.6672128368155-1589.1566385429937-48.8296465129288
46276.88-48394.0-45000.0-46106.43-66060.834292-49528.799-56950.15584775517-42107.442152244825-0.2996784496129282-555.8140502348688-1381.8616101009654-48.434346208492464
46103.67-46638.46-43000.0-45135.66-83055.369042-49466.8385-57018.61309811174-41915.06390188826-0.30532675332027703-218.05293814997276-1148.5357283450887-46.1430593788551
45134.11-49790.0-44950.53-49587.03-85086.111648-49625.169-57039.54454432259-42210.79345567741-0.2988151252169071-270.4426148124403-972.576751478035-56.34193949007919
49595.76-50200.0-47047.6-48440.65-64221.06214-49806.822499999995-56895.07139652068-42718.57360347931-0.28462963669367536-225.53509640944685-822.9368639540173-53.53048181944364
48436.61-52640.0-48100.71-50349.37-81035.913705-49925.815500000004-56963.92227109746-42887.70872890255-0.28194258623967605-326.49024560892576-723.5244737067109-57.346841183622324
50349.37-51773.88-47500.0-48374.09-82649.716829-49980.14-56948.93731152638-43011.34268847362-0.2788626567082998-257.0899214427991-630.1450847864178-52.5381489062955
48374.09-49448.93-46300.0-48751.71-78192.496372-50060.041-56928.30797086769-43191.774029132306-0.27440117241884365-227.68702807252703-549.5896508535292-53.34360098496498
48746.81-49200.0-47070.0-48882.2-44399.234242-50075.2615-56931.035727715025-43219.487272284976-0.27381880882299636-211.73794570864266-481.97645487031616-53.636406364515416
48882.2-51450.03-48882.2-50971.75-55235.028032-50228.293999999994-57016.97667126805-43439.61132873194-0.2703130897206286-352.4172062528305-456.05145961249923-58.16410130141249
50959.11-52402.78-49274.67-52375.17-66987.359664-50390.38-57223.64946020951-43557.11053979048-0.27121325380794964-563.4115167135024-477.5321846499757-60.924217272690605
52375.18-54895.0-51789.41-54884.5-71656.737076-50528.6195-57616.32262195332-43440.916378046684-0.2805421241303977-910.6708352165297-564.1880361948959-65.3287741745253
54874.67-57387.69-53005.0-55851.59-84749.238943-50743.569-58212.52520082827-43274.61279917174-0.29438040516339187-1244.925493447503-700.3708827337308-66.87830728151874
55851.59-58150.0-54272.82-57773.16-81914.812859-50836.927-58617.744822544475-43056.10917745553-0.3061088968868819-1637.8997035326975-887.9155984070452-69.76934173617855
57773.15-58081.51-54962.84-57221.72-73405.406047-50905.953499999996-58895.39375134831-42916.51324865168-0.31389021134230655-1884.6539640263363-1087.2963993487076-67.93672318552024
57221.72-61844.0-56078.23-61188.39-83245.091346-51094.9445-59872.04527819966-42317.84372180034-0.3435604388688458-2359.174512820151-1341.7058388579349-73.35784631627806
61188.38-61724.79-58966.78-58968.31-52601.05275-51338.976500000004-60717.23312031688-41960.71987968313-0.3653464583703524-2533.420063656289-1580.0740314716-66.57347186993948
58976.08-60633.43-54600.0-55605.2-102771.427298-51674.686499999996-61164.011380859345-42185.36161914065-0.36727169620504035-2382.2717072414816-1740.5272164729695-57.84590843252992
55605.2-56938.29-53271.34-56900.75-77986.694355-52035.914000000004-61752.23447616773-42319.59352383228-0.3734467112912718-2336.491340915294-1859.7281537568501-60.020259036512684
56900.74-58974.73-54123.69-58912.97-70421.620841-52627.876000000004-62512.41944783317-42743.33255216684-0.3756390794807362-2429.3789310283682-1973.6645124965664-63.195634871174796
58912.97-60129.97-57023.0-57648.16-66580.406675-53196.440500000004-62848.24816797378-43544.632832026226-0.3628741914780474-2376.323592200395-2054.199836245408-59.97134935228716
57641.0-59468.0-56270.74-58030.01-52392.652961-53792.61950000001-63066.058261530285-44519.18073846973-0.34478479939168144-2337.2195957977237-2110.8057605844574-60.624516745501346
58030.01-59880.0-57820.17-58102.28-44476.941776-54440.9505-62947.39053505824-45934.510464941755-0.3125015253015556-2285.474567511141-2145.74049580808-60.75503984591835
58100.02-58589.1-55450.11-57351.56-48564.470274-54829.177-63108.56722631146-46549.786773688546-0.30200672996829614-2160.3004831564394-2148.652558218914-58.58266279004864
57351.56-58430.73-53650.0-54083.25-62581.626169-55111.30700000001-62840.34479793992-47382.269202060095-0.2804882779477508-1782.4073605484227-2075.402211854968-50.171767302092775
54083.25-55830.9-53000.0-54340.89-59789.365427-55310.882999999994-62721.77834836269-47899.9876516373-0.26797241144614153-1486.203877062464-1957.5608630085344-50.77178211714694
54342.8-57200.0-51700.0-52303.65-83537.465021-55507.361-62328.825389126636-48685.89661087336-0.2457859378011734-1077.6800729598908-1781.5826956833396-46.04976560542176
52303.66-53287.0-50427.56-51293.78-87400.534538-55634.46449999999-62005.80041499497-49263.128585005004-0.22904276952265745-666.1911152074172-1558.5023418862656-43.87157309513046
51293.78-55073.46-51214.6-55025.59-63813.774692-55941.634-61480.23949839005-50403.028501609944-0.19801371902687198-629.2852282915992-1372.6575611050753-52.763317355201856
55025.59-56700.36-53950.0-55817.14-50105.475055-56183.90349999999-61207.08299609101-51160.724003908974-0.1788120505400989-655.4135321534923-1229.2079167071981-54.41295678962269
55817.14-56559.75-54691.84-55777.63-39050.387511-56354.0265-61054.157489607096-51653.895510392904-0.1668072818046851-665.2855959040535-1116.4229250731294-54.311001254421164
55777.65-58405.82-54800.01-57635.47-67857.937398-56491.575-61171.60078220302-51811.54921779697-0.16568933623121768-811.7761339925855-1055.4933388923741-58.270478490885594
57635.46-59368.0-57071.35-58746.57-55122.443122-56636.324-61411.12457383902-51861.52342616098-0.1686126583299799-1004.8704825516179-1045.3687373197176-60.476506665477004
58746.57-59800.0-56769.0-58740.55-60975.542666-56684.69350000001-61527.10484510612-51842.282154893895-0.17085428344447562-1144.1851701706764-1065.1320712136921-60.45785797104314
58739.46-59490.0-57935.45-58720.44-47415.61722-56759.6295-61682.74489225442-51836.514107745585-0.17347242875341243-1238.6709309811122-1099.8399096541857-60.39086438204505
58720.45-60200.0-58428.57-58950.01-47382.418781-56647.7105-61237.3874626745-52058.0335373255-0.16204280533719012-1316.6969912162385-1143.2113924332002-60.92320205864421
58950.01-59791.72-56880.0-57051.94-47409.852113-56551.89200000001-61015.87618228485-52087.90781771517-0.15787214271398164-1212.6691370421395-1157.1029583859984-54.411904519900844
57051.95-58492.85-56388.0-58202.01-41314.081973-56681.7325-61180.70262228539-52182.76237771461-0.15874497563338916-1208.359470592637-1167.354270881784-57.38394549310443
58202.01-59272.0-56777.77-59129.99-54258.01579-56793.1945-61423.55195665491-52162.837043345084-0.16306029260794316-1264.6842767472117-1186.8202873286402-59.66872512421018
59129.99-59495.24-57413.02-57991.15-54201.000727-56747.10349999999-61306.42385428778-52187.7831457122-0.16068909505796325-1204.1464989624073-1190.285531830563-55.72055980100641
57990.03-58655.0-55473.0-55953.45-71228.405659-56662.368-61214.16442742752-52110.57157257249-0.16066382638394197-981.4482621384814-1148.5180569178517-49.41955748322209
55953.44-58153.31-55700.0-58077.52-44283.147019-56664.743500000004-61219.593745096376-52109.89325490363-0.16076487649137144-964.2499482357889-1111.6644203760616-55.11710892608867
58077.52-58894.9-57654.0-58142.54-40831.884911-56666.756499999996-61224.316531666496-52109.196468333495-0.16085480493899454-944.937409253791-1078.3190074348051-55.283159189003115
58142.55-61500.0-57900.01-59769.13-69906.424117-56787.634999999995-61545.5085213672-52029.76147863279-0.1675672361198773-1048.1434726499647-1072.2838989261497-59.33621310345277
59769.13-60699.0-59232.52-60002.43-41156.715391-57083.594-61869.4687467606-52297.7192532394-0.16767951740251677-1135.5697879229047-1084.9410793289317-59.89765186675239
59998.8-61300.0-59350.59-59860.0-56375.037117-57359.5495-62115.926105670354-52603.17289432965-0.16584428040775856-1179.7987947927322-1103.9126255434685-59.35882248469399
59860.01-63777.77-59805.15-63575.0-82848.688746-57923.117000000006-62825.905703624114-53020.3282963759-0.16928607980900295-1496.18257291372-1182.3666253452318-67.55680693712608
63575.01-64854.0-61301.0-62959.53-82616.343993-58506.404500000004-62829.90726579438-54182.901734205625-0.14779587987822354-1678.0705679516032-1281.5074243072506-65.2099457586641
62959.53-63800.0-62020.0-63159.98-51649.70034-58913.123999999996-63385.76579804957-54440.48220195042-0.15183855461644083-1817.3716122660626-1388.6802709283072-65.62873704028013
63158.74-63520.61-60000.0-61334.8-91764.139884-59189.007000000005-63536.508671724536-54841.505328275474-0.14690233514897558-1760.6413422299593-1463.0724902026632-58.699844857707326
61334.81-62506.05-59580.91-60006.66-58912.256128-59400.45849999999-63450.55245308984-55350.36454691015-0.13636574717987562-1590.480616757348-1488.5541168875666-54.21438350415973
60006.67-60499.0-50931.3-56150.01-124882.131824-59326.1855-63562.75291298154-55089.61808701846-0.14282284887443294-1132.2066624705913-1417.2846229298968-43.758054790863845
56150.01-57526.81-54221.58-55633.14-78229.042267-59170.514-63714.41332202881-54626.61467797119-0.15358660977759328-719.1345757103991-1277.6546086675426-42.572956699297166
55633.14-57076.24-53329.96-56425.0-72744.482151-59054.7365-63759.90139949325-54349.57160050675-0.1593492809672683-450.33738799409184-1112.1911599649054-45.0292472543873
56425.0-56757.91-53536.02-53787.63-66984.756909-58808.096-64071.12025530948-53545.07174469052-0.17898978587266215-24.67223931694025-894.6873710316132-39.039902103024325
53787.62-55521.48-50500.0-51690.96-104656.631337-58445.14349999999-64593.674525175804-52296.61247482418-0.2104034880220908-"-476.0251475861296"-620.5448624643859-35.048728454393355
51690.95-52131.85-47500.0-51125.14-132230.780719-58148.8035-65099.09539438468-51198.51160561532-0.23905193146010928-"-907.92797877673"-314.85028989523835-34.03742498448561
51110.56-51166.22-48657.14-50047.84-55361.512573-57741.094999999994-65578.31257834076-49903.87742165922-0.2714606495890239-"-1321.7497081236215"-"-12.469713409809584"-32.13614507604916
50047.84-50567.91-46930.0-49066.77-58255.645004-57237.933999999994-65943.71994118071-48532.14805881928-0.3041963723282086-"-1709.0355604072465"-"-351.78288587881104"-30.467098422234344
49066.76-54356.62-48753.44-54001.39-86310.802124-57038.44600000001-65853.7179220475-48223.17407795253-0.3090993019707262-"-1599.9027801310658"-"-601.4068665357921"-45.73372576387908
54001.38-55460.0-53222.0-55011.97-54064.034675-56991.371999999996-65841.02747901902-48141.716520980975-0.3105612364980096-"-1415.6568546832423"-"-764.2568651081192"-48.240110627636504
55011.97-56428.0-53813.16-54846.22-55130.459015-56829.80699999999-65713.88862007843-47945.725379921554-0.31265570266949666-"-1268.3767179340648"-"-865.0808361402931"-47.849750944336215
54846.23-55195.84-52330.94-53555.0-52486.019455-56600.43000000001-65578.19928568741-47622.660714312595-0.3172332537292529-"-1241.4159125564329"-"-940.3478517024114"-44.80786908246544
53555.0-57963.0-53013.01-57694.27-68578.910045-56496.687-65367.59979291955-47625.774207080445-0.3140330261461014-"-876.2963950355697"-"-927.5375603310699"-54.740805901582235
57697.25-58458.07-56956.14-57800.37-42600.351836-56386.583999999995-65128.005026514875-47645.162973485116-0.3100532221109504-"-571.7944196796452"-"-856.3889320320617"-54.964539614090356
57797.35-57911.02-56035.25-56753.55-29889.859435-56231.2615-64821.9129816889-47640.6100183111-0.30554717260571873-"-410.14108117172145"-"-767.139361690675"-52.2216008955589
