3983.36,3983.36,3859.9,3941.08,76985.40981,,,,,0.0,0.0,,,,,
3940.82,3980.26,3885.59,3901.94,52927.1691,,,,,-0.8781410256415256,-0.4878561253564031,0.0,,,,
3902.11,4014.82,3901.0,3987.98,53960.56544,,,,,1.5491692855443944,0.3469903545209728,70.30314349414613,,,,
3987.99,4025.69,3968.13,4016.5,37651.65418,,,,,3.6448951304514594,1.464166769131571,76.26079085955791,,4016.5,,
4016.5,4025.29,3944.0,3968.0,32951.95099,,,,,2.777020371055187,1.8547110343396906,55.77058181536417,,,,
3968.0,3986.85,3810.0,3829.14,91365.12192,,,,,-3.734623712951361,0.3396905568234677,30.501597817293558,,,,
3829.06,3868.98,3646.3,3725.63,177559.13286,,,,,-12.53545433402087,-2.9186651374387362,22.366394423805588,,,,
3725.28,3824.13,3600.0,3636.38,139765.8649,,,,,-22.479840911451447,-7.619583523925953,17.92666971652281,3636.38,,17.92666971652281,
3637.12,3765.75,3596.02,3744.47,118368.96317,,,,,-23.661362903299505,-11.325314144239126,34.80521136205283,,,,
3744.46,3830.55,3700.0,3807.51,84147.44952,,,,,-20.908107882814875,-13.4724162220932,42.26288408681228,,,,
3807.84,3867.03,3750.07,3857.52,67350.62607,,,,,-15.961031742910563,-14.016911078258037,47.403041332655036,,3857.52,,47.403041332655036
3856.89,3900.0,3838.15,3847.38,68572.49837,,,,,-12.673936649720872,-13.728496493181085,46.49911754877531,,,,
3847.75,3857.26,3725.0,3747.02,69593.01082,,,,,-15.737165654135424,-14.153600674913505,38.64456557656856,,,,
3747.01,3874.12,3672.45,3693.4,90037.8608,,,,,-20.933250329784187,-15.57190844111582,35.22135506146333,,,,
3693.39,3720.0,3541.51,3699.4,164651.24537,,,,,-24.228740673031552,-17.366413418332623,35.90554200377473,,,,
3699.4,3733.98,3570.03,3585.69,84923.00552,,,,,-33.32128343829481,-20.649806727858124,29.538189576123784,3585.69,,29.538189576123784,
3585.69,3713.13,3583.61,3651.75,55344.25901,,,,,-35.75400691203231,-23.740237069365087,36.57509654466149,,,,
3650.3,3737.5,3610.05,3715.81,44819.86456,,,,,-33.13918166299436,-25.65451047202252,42.565223108308494,,,,
3715.26,3783.34,3688.31,3753.39,31569.63077,,,,,-28.315872455340013,-26.19456588746277,45.79919643693557,,,,
3753.39,3776.84,3661.34,3661.34,42964.23207,3788.5665,4040.148099802027,3536.984900197973,0.1328109720666258,-30.25684499370027,-27.016497940098358,39.876372294870684,,,,
3663.51,3738.05,3609.0,3717.91,53332.61608,3777.4080000000004,4020.148889501109,3534.667110498892,0.12852246275811802,-27.651221545499993,-27.14462441936473,44.61658450038127,,,,
3717.92,3842.27,3691.35,3822.53,62291.71339,3773.4375,4010.1240085319664,3536.7509914680336,0.12544874986373375,-18.286925108957803,-25.35991573151902,52.13286923059988,,,,
3822.54,3903.52,3802.92,3867.97,71775.39401,3767.4370000000004,3986.662997315436,3548.211002684565,0.11637938328653431,-7.720574761532134,-21.811099021163106,54.990066027667204,,3867.97,,54.990066027667204
3867.96,3877.25,3777.0,3789.97,55863.17165,3756.1105000000002,3942.0333737067294,3570.187626293271,0.09899755276461072,-4.785055043669217,-18.38973328277573,49.52530833558614,,,,
3789.97,3835.0,3770.15,3790.81,38942.95669,3747.251,3905.485886285847,3589.0161137141536,0.08445384965450493,-2.387640609173104,-15.177178057559262,49.583415469762954,,,,
3790.8,3819.64,3753.12,3797.58,34777.20721,3745.6730000000002,3901.0734840607515,3590.272515939249,0.08297600140789187,-0.01802773982308281,-12.136157072043577,50.082191254780064,,,,
3797.57,3857.0,3776.08,3846.67,31013.94813,3751.725,3913.1498156100442,3590.3001843899556,0.08605365031287972,5.3080469949354665,-8.638860313948337,53.66198811776177,,,,
3846.52,3861.13,3782.55,3809.08,35330.53895,3760.3600000000006,3914.098825148025,3606.6211748519763,0.08176814195876152,6.711220318843971,-5.562894404015841,50.66571744051354,,,,
3809.08,3900.13,3809.04,3881.66,52449.28035,3767.2195,3929.9523248161127,3604.4866751838877,0.0863941295781212,12.960017633191455,-1.8525705485000596,55.79773496947057,,,,
3882.09,3934.93,3856.18,3934.92,66904.19452,3773.5899999999992,3952.1679123490558,3595.0120876509427,0.09464616577267619,21.55607352740526,2.834961149855817,59.15543911718892,,,,
3934.92,3981.98,3911.44,3946.77,56222.39687,3778.0525000000002,3969.4609228334243,3586.644077166576,0.1013265023889552,28.886772842030496,8.05048869659163,59.885569474341885,,,,
3946.77,3990.0,3935.07,3990.0,38289.14493,3785.1835,3997.005194060681,3573.3618059393193,0.11192149287382278,37.46258142506758,13.937571469793719,62.51790701094509,,,,
3989.99,4030.0,3971.45,3999.82,56818.78312,3797.8235,4029.3138773173437,3566.3331226826563,0.1219068644539925,44.45996859265097,20.04592252180391,63.11009476291573,,,,
3999.8,4015.01,3954.55,3999.75,47535.92179,3813.1410000000005,4055.8101718889384,3570.4718281110627,0.12728046085310657,49.4126652521868,25.92225072026766,63.10244138806895,,,,
3999.75,4064.64,3950.29,4062.85,59960.27961,3831.3134999999993,4091.8927445000368,3570.734255499962,0.1360260623413028,57.43909473887015,32.228177511790484,66.9887086861215,,,,
4062.85,4093.21,4028.38,4087.27,54320.19012,3856.3925000000004,4113.966619726015,3598.8183802739863,0.13358293779796235,64.89257032727483,38.76317680340563,68.37687286880843,,,,
4087.27,4162.4,4086.5,4131.29,78098.01515,3880.3695000000007,4146.858635196718,3613.8803648032836,0.13735245326339005,73.30232256868067,45.67279979714884,70.76354161410866,,4131.29,,70.76354161410866
4131.3,4173.28,4067.59,4112.34,60577.71424,3900.196,4174.03685385109,3626.35514614891,0.14042414988943636,77.60321416960278,52.060209284688284,68.37130006383956,,,,
4111.95,4150.0,4093.75,4095.86,32018.26547,3917.3195,4195.306617117245,3639.3323828827547,0.1419272117667426,78.82322139643702,57.413701208455564,66.27301319905689,,,,
4095.84,4115.78,4052.77,4093.08,40254.87141,3938.9065,4199.719502039067,3678.093497960933,0.13242914095019376,78.66096340159584,61.66371857128974,65.90557403616481,,,,
4093.07,4093.57,4037.45,4046.35,40584.49854,3955.3284999999996,4198.302297874756,3712.3547021252434,0.12285897258584526,74.05026274964985,64.14129086763839,59.89425771499076,,,,
4046.41,4074.07,3967.08,3984.62,55059.58908,3963.433,4198.438557658803,3728.427442341197,0.1185868703514367,64.84664189630712,64.28237307531903,53.01514301058347,3984.62,,53.01514301058347,
3983.99,4054.68,3975.58,4054.32,29143.40333,3972.7504999999996,4206.593499015193,3738.9075009848066,0.11772347597222282,62.27009767485424,63.87989060368845,58.77287678175619,,,,
4054.46,4109.21,4026.31,4073.01,33034.03272,3986.9024999999992,4208.085814291677,3765.719185708321,0.11095496531037709,60.98367491148929,63.300615926535286,60.18195408733975,,,,
4073.01,4110.12,4061.67,4075.01,22124.91503,4001.1125,4205.100094553143,3797.1249054468576,0.10196543813908895,59.43297496523928,62.527054040904005,60.33817166423151,,,,
4075.02,4134.05,4010.0,4032.96,48706.5887,4012.8814999999995,4193.214850072634,3832.548149927365,0.08987723663040369,54.27401501227496,60.87638871788635,55.415489296343615,,,,
4032.96,4118.94,4024.48,4111.93,32589.41071,4026.1445,4193.562511792727,3858.7264882072727,0.0831654262745547,55.75576484678368,59.85223539443793,61.73011541527294,,4111.93,,61.73011541527294
4111.92,4112.97,4052.7,4058.62,40654.32032,4038.6214999999997,4171.572544456609,3905.6704555433907,0.06583981413292085,52.1237869140632,58.30651122756219,55.9673660301282,,,,
4059.06,4064.35,4020.0,4025.63,27813.54468,4045.8200000000006,4156.755167979928,3934.884832020073,0.054839398678106,46.107697966575415,55.866705047768086,52.68933061224563,,,,
4025.63,4059.99,3995.0,4004.74,30699.33922,4049.311,4149.417700317306,3949.204299682694,0.04944381911752698,39.23518477539028,52.54035351801706,50.665689301032174,,,,
4004.75,4043.46,3981.34,4036.44,28636.83594,4053.7945,4141.873877949653,3965.715122050347,0.04345527527340285,35.88636145642795,49.20951707427022,53.57927805108566,,,,
4036.44,4037.56,3929.0,3961.95,49627.51961,4052.3920000000007,4145.49830451828,3959.2856954817216,0.04595128236275221,27.01185628859639,44.769944364368044,46.612876743108885,,,,
3962.49,3964.72,3886.81,3907.66,58767.88994,4047.7839999999997,4159.172922325516,3936.3950776744828,0.05503698928871534,15.489230633272655,38.91375882402519,42.296470512247424,,,,
3907.66,3934.61,3862.07,3912.3,45800.3158,4043.4114999999997,4168.733704572634,3918.089295427365,0.06198835046724023,6.651397640639061,32.46124886593249,42.784128947209176,,,,
3912.3,3962.11,3852.07,3894.95,59309.33372,4035.0165,4176.330113345778,3893.7028866542223,0.07004363592851622,-1.7127639576383444,25.626414336028382,41.376045085649515,,,,
3894.71,3894.72,3778.69,3844.35,77560.98152,4022.8705,4185.434224765003,3860.3067752349966,0.08081976527208776,-12.231187864188087,18.054865567457927,37.49980590214024,3844.35,,37.49980590214024,
3844.35,3912.0,3842.7,3902.03,36242.11432,4011.4075,4174.113377987173,3848.701622012826,0.08112159035808435,-15.782977959845084,11.287276605552199,43.94632269322499,,,,
3902.03,3934.8,3860.22,3916.82,34716.63347,4001.6315000000004,4162.285253247877,3840.977746752123,0.08029412665702833,-17.217907044082494,5.5862262243216865,45.49863373709184,,3916.82,,45.49863373709184
3916.82,3932.0,3869.83,3888.79,34808.79764,3991.278,4153.048487009734,3829.5075129902652,0.08106199919411004,-20.35930283984908,0.39711047111659364,43.06455719269193,,,,
3888.79,3920.84,3827.43,3901.88,48971.35576,3981.718,4140.732407106296,3822.703592893704,0.07987225971618078,-21.55319456920688,-3.992957264707329,44.55628448120948,,,,
3901.89,3921.06,3860.0,3875.52,28272.34685,3973.1765,4135.882620775751,3810.470379224249,0.08190228688594683,-24.327435388499907,-8.059857875471485,42.16073394497357,,,,
3875.52,3875.52,3728.0,3771.61,82348.41546,3962.5260000000003,4148.325850138738,3776.726149861262,0.09377848884208612,-34.44705586761029,-13.337302650002018,34.326118437195234,,,,
3771.41,3787.87,3702.97,3744.06,54733.46527,3947.013,4151.420084448241,3742.6059155517587,0.10357558206585143,-44.1634147168038,-19.502529900832204,32.596578920179596,3744.06,,32.596578920179596,
3744.36,3777.49,3714.21,3749.64,31470.44771,3930.8445000000006,4144.247092641971,3717.44190735803,0.10857849637245653,-50.829274128473116,-25.76788267918607,33.32929900001311,,,,
3749.65,3761.98,3651.49,3751.43,54664.60586,3914.6655,4131.090441015779,3698.2405589842215,0.11057135840381703,-55.329629785831,-31.68023506951005,33.57873939336879,,,,
3751.84,3816.22,3743.07,3791.47,35804.84627,3902.5910000000003,4118.171737436543,3687.010262563458,0.11048082539858377,-55.04854520635581,-36.35389897445129,39.07019260541893,,,,
3791.19,3821.63,3782.14,3806.75,15924.72419,3887.332,4082.786906319104,3691.8770936808955,0.10055992455447815,-52.98807452655956,-39.68073515407687,41.072417100547874,,,,
3806.89,3831.0,3729.95,3766.87,27018.40097,3872.7445,4057.6359664820798,3687.85303351792,0.09548343118534156,-53.93505588377138,-42.53160003300189,37.59959445775318,,,,
3766.44,3773.37,3632.0,3646.68,54032.64689,3853.797,4050.040181695836,3657.553818304164,0.10184406791319628,-63.60563411294652,-46.746407715926466,29.50308771205765,3646.68,,29.50308771205765,
3646.24,3815.0,3620.15,3767.0,96084.64988,3841.9100000000008,4028.205181619753,3655.6148183802484,0.09698050272898238,-60.899142540164576,-49.57695514654196,42.78544646157823,,,,
3767.19,3853.86,3766.53,3830.78,35287.12134,3831.6270000000004,3993.861498258734,3669.3925017412666,0.08468178048580081,-53.01650019015278,-50.26486424582073,48.34163693827387,,,,
3830.83,3841.5,3808.06,3814.01,18672.60986,3824.2299999999996,3974.4944099053746,3673.9655900946245,0.07858544590956874,-47.56931338037293,-49.725754015956234,47.04790548346952,,,,
3814.01,3839.15,3773.0,3826.23,22352.31349,3820.1585,3965.2276370964023,3675.0893629035977,0.07594927650064902,-41.78784630489372,-48.138172339990234,48.13709253969057,,,,
3826.63,3843.82,3797.0,3797.6,17337.81008,3814.4235,3953.0825171721913,3675.7644828278085,0.07270247636225574,-39.05867960682099,-46.32227367096505,45.762111178226114,,,,
3797.59,3817.62,3773.08,3783.34,18635.22035,3808.843,3942.7588114323294,3674.9271885676703,0.07031836777327369,-37.60946389583796,-44.57971162198088,44.5822651324779,,,,
3783.35,3879.0,3778.18,3860.75,36626.19846,3809.6629999999996,3944.6904850929486,3674.6355149070505,0.0708868396458947,-29.88667964862634,-41.64110510055049,51.84097155384992,,,,
3860.75,3867.95,3823.46,3866.75,23344.04597,3807.899,3938.701407977192,3677.0965920228077,0.06870056583811292,-23.018093301374392,-37.91650261218396,52.361811832963966,,3866.75,,52.361811832963966
3866.62,3867.99,3789.67,3797.19,29370.44443,3801.9175000000005,3922.271682377639,3681.563317622362,0.06331235876509082,-22.910677493302046,-34.915337505554454,46.13266717444343,,,,
3797.18,3830.97,3795.0,3813.72,23928.46423,3798.1639999999998,3911.593835748339,3684.7341642516603,0.05972877197948242,-21.249513261616812,-32.18217259640337,47.72418862608112,,,,
3813.72,3860.66,3811.71,3848.26,23603.24974,3795.4829999999993,3900.8384401163303,3690.1275598836683,0.055516222897760856,-16.955924946645155,-29.13692301264682,50.98306115184942,,,,
3848.25,3849.76,3786.43,3789.69,21628.84918,3791.1915,3889.58191422608,3692.80108577392,0.051904745105110034,-18.06253059631308,-26.922044498073262,45.772238234409045,,,,
3789.98,3804.49,3693.99,3707.51,52499.3038,3787.9865000000004,3893.0147342540668,3682.958265745934,0.055453330815231947,-25.26821842475647,-26.591279279669667,39.64891347723354,,,,
3707.87,3730.91,3675.51,3728.01,62027.76771,3787.184,3893.8578072522255,3680.510192747775,0.05633410325573053,-28.99278239182786,-27.071579906446228,41.74258600210962,,,,
3728.0,3755.85,3656.16,3677.25,50279.9255,3783.5645000000004,3900.0621596060414,3667.0668403939594,0.06158090319646512,-35.623725107857354,-28.78200895910684,38.20806072629408,,,,
3677.12,3691.62,3630.37,3633.45,43004.94494,3777.6655,3911.6500790773225,3643.6809209226776,0.07093512068621345,-43.90209654161572,-31.806026493116477,35.420980319614046,,,,
3633.53,3671.23,3552.0,3577.29,87958.27463,3766.9565000000002,3927.8340235061596,3606.078976493841,0.08541512146803891,-54.36192814089736,-36.317206843567014,32.17971645217966,,,,
3577.29,3630.0,3450.0,3605.35,122665.36347,3756.8864999999996,3931.8707300593824,3581.902269940617,0.0931538549590906,-59.7013712290709,-40.99403973799708,35.36233592263274,,,,
3606.71,3661.0,3464.18,3474.31,90259.00238,3742.2585,3957.915525001815,3526.601474998185,0.11525501244866697,-73.64637967196677,-47.52450774414914,28.61012788785399,,,,
3474.25,3525.12,3346.72,3419.22,127781.12854,3730.8854999999994,3987.8083818536834,3473.9626181463154,0.137727561917236,-88.12272301371195,-55.6441508173168,26.33362074685617,,,,
3419.81,3465.0,3343.06,3359.09,115777.97127,3710.4899999999993,4015.5879489313347,3405.392051068664,0.16445156781521333,-103.25237817320294,-65.1657963065579,24.08129040341977,3359.09,,24.08129040341977,
3359.09,3510.0,3350.0,3476.59,81162.60772,3692.7805,4009.380729642173,3376.180270357827,0.1714698339867062,-104.56383184235938,-73.04540342567715,35.66166651202593,,,,
3476.25,3577.63,3470.28,3532.35,74008.07781,3678.6974999999998,3997.6412622677026,3359.753737732297,0.1734003745987284,-99.95493699774079,-78.42731014662442,40.314447867727566,,,,
3532.58,3588.98,3515.0,3582.1,49770.31397,3666.4910000000004,3980.306098821623,3352.675901178378,0.1711800731662085,-91.2390031699938,-80.98964875378718,44.19230601092689,,3582.1,,44.19230601092689
3581.81,3587.06,3458.54,3465.98,51103.5246,3649.91,3969.5466694595,3330.2733305404995,0.17514769923614576,-92.62739312251415,-83.31719762934122,37.98831256421013,,,,
3466.21,3476.08,3378.83,3416.64,74471.60524,3631.575,3960.9073343723817,3302.242665627618,0.181371627666994,-96.59297748315203,-85.97235360175397,35.69526988803308,,,,
3416.65,3457.36,3363.54,3382.14,65492.85215,3607.6445,3936.414855846087,3278.8741441539128,0.18226316692018138,-101.3495718399331,-89.04779725091927,34.143337696852456,,,,
3382.14,3399.99,3212.0,3240.13,143851.96194,3576.3135,3920.200220655456,3232.4267793445442,0.19231352097933022,-115.2435493510643,-94.28694767303271,28.626237646918014,3240.13,,28.626237646918014,
3240.74,3330.37,3102.0,3326.78,143481.03341,3552.793,3897.4185404959294,3208.167459504071,0.1940026004869573,-117.90680569960341,-99.01091927985043,35.477211890340485,,,,
3326.46,3342.1,3213.0,3339.0,104321.73829,3529.057,3863.2484732037783,3194.8655267962213,0.18939420542302293,-117.67525287503804,-102.74378599983845,36.404316427125536,,,,
3339.0,3451.97,3320.29,3399.55,111628.97545,3506.6215,3809.3505583847764,3203.892441615224,0.17266138269258668,-111.32455714456955,-104.45994022913425,40.93315634544796,,,,
3399.52,3531.08,3397.43,3520.85,92826.52222,3493.1794999999997,3765.3149618161733,3221.044038183826,0.155809606586878,-95.40765910651226,-102.64948400431481,48.79937366623308,,,,
3520.87,3575.24,3471.85,3541.11,89411.02663,3484.8594999999996,3738.983150837036,3230.735849162963,0.14584441687651203,-80.23428572287185,-98.16644434744177,49.99716220277151,,3541.11,,49.99716220277151
3540.46,3554.19,3473.69,3510.02,82453.58665,3473.96,3701.479505329259,3246.440494670741,0.13098567935684874,-69.91124916269791,-92.51540530990361,48.13617898645198,,,,
3510.02,3521.71,3435.64,3443.69,56943.61933,3462.282,3668.8816791764143,3255.682320823586,0.11934306863300803,-66.3163231752369,-87.27558888253309,44.343862459616275,,,,
3443.52,3525.0,3427.78,3516.52,53758.66349,3456.4355000000005,3648.765219900098,3264.105780099903,0.11128789754653175,-56.93588813561337,-81.20764873274412,49.0868094919462,,,,
3516.71,3544.48,3451.85,3477.9,50560.56957,3451.4659999999994,3635.609491806647,3267.322508193352,0.10670450863873353,-52.017677909196664,-75.36965456772288,46.80883085077239,,,,
3477.89,3490.41,3416.27,3455.48,51922.06201,3443.9725,3613.3550923915186,3274.589907608481,0.09836466022392383,-49.359623314894634,-70.167648316935,45.48905617465479,,,,
3455.98,3464.25,3350.0,3388.46,66311.00258,3439.6799999999994,3610.1730682338657,3269.186931766133,0.09913309856374218,-52.059689738319776,-66.54605660108818,41.70375326891891,,,,
3388.44,3412.44,3266.66,3284.75,76617.52603,3432.9564999999993,3616.920480602061,3248.9925193979375,0.10717524710963386,-61.853242519837295,-65.60749378481235,36.62484466492966,,,,
3284.99,3335.47,3200.37,3204.13,95088.57557,3425.2084999999997,3633.690593869519,3216.7264061304804,0.12173395801716556,-75.25129915076195,-67.53625485804446,33.236288997213165,,,,
3204.78,3250.0,3121.48,3201.7,114309.67644,3411.464,3640.877663099762,3182.050336900238,0.13449572564726572,-85.08454837686031,-71.04591356186904,33.13677201537374,3201.7,,33.13677201537374,
3201.7,3377.74,3168.0,3351.63,86273.38802,3402.428,3625.9543712312234,3178.9016287687764,0.13139227118470898,-79.86077038470467,-72.80888492646083,44.23200979276251,,,,
3350.88,3402.34,3339.66,3378.75,61706.39628,3392.2605000000003,3599.2643100310665,3185.256689968934,0.12204476043692175,-72.69487487382048,-72.78608291593251,45.97824909313095,,,,
3379.26,3453.0,3364.63,3438.4,48219.37006,3390.8815000000004,3596.17794725054,3185.585052749461,0.12108736164949413,-61.49440814060881,-70.52774796084755,49.70834612007462,,3438.4,,
3438.4,3440.0,3250.0,3261.67,56485.99255,3383.1330000000003,3595.8981657381646,3170.367834261836,0.12577995942705433,-66.11456621649313,-69.64511161197034,40.73416545021754,,,,
3261.84,3356.21,3193.48,3226.5,65196.5923,3375.351,3599.3573650317703,3151.34463496823,0.13273070861772313,-71.78612322325534,-70.07331393422979,39.21681940394744,,,,
3225.89,3319.77,3200.0,3282.51,61576.17917,3377.47,3596.844457180337,3158.0955428196626,0.1299046074015978,-70.94402908351822,-70.24745696408827,42.8668133958023,,,,
3282.25,3374.32,3240.0,3355.43,68597.07251,3378.9025,3597.255048621452,3160.5499513785485,0.1292446577676933,-63.659411210297094,-68.92984781332521,47.3034766078342,,,,
3355.44,3417.56,3350.0,3401.6,45882.30511,3382.0325,3599.7705113685856,3164.294488631414,0.12876163157425946,-53.54390520180641,-65.85265929101242,49.95344156324025,,,,
3402.38,3419.0,3347.96,3406.8,37270.37256,3382.3949999999995,3600.279897522592,3164.510102477407,0.12883468519944738,-44.59368736474971,-61.60086490574989,50.256844410146606,,,,
3406.79,3410.6,3374.16,3384.57,28793.09099,3375.5809999999997,3583.531913934816,3167.630086065183,0.12320896102615611,-38.8464036070427,-57.049972645999894,48.8922418315648,,,,
3385.28,3527.67,3380.69,3509.17,70901.11467,3373.9839999999995,3577.0148145033763,3170.9531854966226,0.1203507867870013,-23.962021527057004,-50.43238242220137,56.08915167040961,,,,
3509.2,3549.98,3490.89,3523.53,58789.09212,3374.6595,3579.6761961596553,3169.642803840345,0.1215036338686348,-10.881960176622215,-42.522297973076036,56.843422492317366,,3523.53,,56.843422492317366
3523.61,3559.16,3458.03,3464.36,56703.86299,3375.693,3582.3765233521844,3169.009476647816,0.12245398106533043,-5.2298452086165526,-35.063807420176964,52.81750237229931,,,,
3464.35,3513.29,3461.25,3510.02,44116.32438,3375.368,3581.1375496474516,3169.5984503525483,0.12192421664686733,2.900215053113243,-27.47100292551308,55.4401941017758,,,,
3510.07,3526.63,3471.04,3481.13,45736.87053,3375.5294999999996,3581.6426671245554,3169.416332875444,0.12212197649260997,6.932380601904697,-20.59032622002529,53.41697943606563,,,,
3480.62,3492.78,3432.42,3468.32,44078.49241,3376.1714999999995,3583.410126787192,3168.932873212807,0.12276546187727284,8.9906539783251,-14.6741301803523,52.50206624505257,,,,
3468.31,3514.0,3442.99,3514.0,33084.03817,3382.4485,3598.664743440168,3166.232256559832,0.1278459928895698,14.144612180894,-8.91038170810077,55.43344082048633,,,,
3513.99,3565.71,3489.45,3533.89,44288.55502,3394.9055,3616.0727135666843,3173.7382864333154,0.1302935905383431,19.608012662830788,-3.206702833912663,56.68689731709287,,3533.89,,56.68689731709287
3533.46,3539.99,3386.81,3415.38,74041.75043,3405.468,3607.6344417568866,3203.301558243113,0.11873048976345502,14.21160504896443,0.2769587426636329,48.02061594786796,,,,
3415.32,3435.29,3341.74,3365.39,95771.38541,3413.6525,3593.0571650658153,3234.247834934185,0.10511009252747029,5.834044500606524,1.388375894252435,44.902223517760454,,,,
3364.97,3365.83,3255.71,3311.96,113313.3833,3411.6690000000003,3594.7994104672507,3228.53858953275,0.10735532108610206,-5.058122389497839,0.09907623750217238,41.779369763117856,3311.96,,41.779369763117856,
3311.96,3398.59,3273.23,3345.5,78977.60256,3410.0065000000004,3594.9895417576267,3225.023458242374,0.10849424583655562,-10.85875848184969,-2.092490706368483,44.39375702879257,,,,
3345.49,3437.2,3310.06,3424.69,75556.0856,3409.321,3593.962309958435,3224.6796900415648,0.10831559126197572,-8.962711194490566,-3.4665348039930413,50.09216708357437,,,,
3424.11,3438.49,3388.0,3398.61,47901.13736,3416.168,3587.426648906477,3244.909351093523,0.10026359880806622,-9.455461421383006,-4.664320127471133,48.335387495745444,,,,
3398.36,3398.39,3330.0,3363.17,48098.95406,3423.0015,3571.83283955132,3274.17016044868,0.08695955263316132,-12.560811917624505,-6.243618485501911,45.975740699571695,,,,
3363.07,3418.0,3327.9,3402.38,53621.13575,3428.995,3562.911777063055,3295.0782229369447,0.07810847030284686,-11.722847641376575,-7.339464316676901,48.94538616682972,,,,
3402.69,3448.0,3361.79,3430.68,34512.86932,3432.7574999999997,3562.122745454826,3303.3922545451733,0.07537103652374305,-8.675230227082466,-7.606617498758024,51.03735370668101,,3430.68,,51.03735370668101
3430.89,3464.02,3388.39,3402.66,27334.28678,3432.8105000000005,3562.122855818681,3303.49814418132,0.07533905866267905,-8.423799846620113,-7.770053968330448,48.900854326171704,,,,
3402.66,3423.25,3364.48,3370.03,26334.93071,3430.972,3562.861306792948,3299.082693207052,0.0768815990296324,-10.733724643772803,-8.362788103418934,46.46167830023491,,,,
3370.19,3401.0,3322.22,3375.07,33406.12869,3430.4970000000003,3563.156139324528,3297.8378606754727,0.07734106126577436,-12.01912830355377,-9.094056143445918,46.90223426876459,,,,
3375.08,3441.73,3349.31,3354.13,43950.24495,3422.745,3554.1609584157286,3291.329041584271,0.076789803748587,-14.559639751837949,-10.187172865124344,45.23668334180808,,,,
3354.14,3354.9,3157.0,3188.24,103180.97844,3405.9805,3565.748253610337,3246.212746389663,0.09381601192980228,-29.617332500118664,-14.07320479212326,34.71826180044562,,,,
3188.21,3238.14,3105.0,3109.44,99759.49406,3388.2345,3593.161667290464,3183.3073327095362,0.12096398126544299,-47.36309778738905,-20.73118339117649,31.02764219667145,,,,
3109.44,3158.21,3042.64,3097.23,119570.52834,3367.595,3601.917793688781,3133.2722063112187,0.13916328637427072,-61.70072539788589,-28.925091792518444,30.486852963330733,,,,
3097.23,3133.18,2858.79,2931.56,232021.83276,3340.1165,3638.513632431209,3041.7193675687913,0.17867468540765497,-85.4464426859331,-40.229361971201456,24.298539275997058,,,,
2932.27,3029.56,2908.0,2927.68,185389.96008,3313.0845,3657.054259899434,2969.114740100566,0.207643215800523,-103.38639611621511,-52.860768800204255,24.174775171332783,,,24.174775171332783,
2927.36,3017.41,2925.0,2944.96,105093.13772,3284.6324999999997,3651.9715698050977,2917.2934301949017,0.2236713360201472,-114.8852716279589,-65.26566936575523,25.982960512728,,,,
2944.96,3012.0,2857.41,2985.0,133561.88508,3257.188,3628.1162197889525,2886.2597802110477,0.22775978530496394,-119.39108201958015,-76.09075189652026,30.140078445641166,,,,
2985.0,2996.46,2917.45,2978.31,82937.68411,3235.3345,3618.325088284816,2852.343911715184,0.23675486308127713,-122.09436121423232,-85.2914737600627,29.838531583274673,,,,
2978.27,3006.0,2933.0,2973.82,72815.26871,3215.7560000000003,3610.6037530124245,2820.908246987576,0.24557071681584308,-123.17909779969204,-92.86899856798858,29.62430982314463,,,,
2973.82,2984.49,2818.88,2856.56,118730.30048,3192.986,3615.993938728556,2769.978061271444,0.2649607224889529,-131.9792122873173,-100.69104131185435,24.64753624471831,,,,
2856.66,2866.68,2442.82,2721.08,355439.87786,3161.765,3627.40194642253,2696.12805357747,0.29454241312844565,-148.17729402918076,-110.18829185531965,20.38619919098076,,,,
2721.08,2773.52,1960.0,2365.18,437462.36681,3108.7895,3678.031733609979,2539.547266390021,0.36621471708520564,-187.5701611369168,-125.6646657116391,13.690155931966459,2365.18,,13.690155931966459,
2365.18,2599.0,1888.0,2493.69,493227.88282,3063.5435,3677.860730728139,2449.2262692718614,0.4010501112376167,-206.04451508544616,-141.74063558640051,23.46551603113103,,,,
2493.68,2617.0,2285.0,2612.74,302720.21547,3026.022,3654.783921593803,2397.260078406197,0.41556996055798867,-208.673822901123,-155.12727304934504,31.235399677197194,,,,
2612.22,2780.0,2519.59,2742.61,298486.91894,2993.0335,3607.72804573712,2378.33895426288,0.4107501942341239,-197.99582486663076,-163.7009834128022,38.56284486588563,,,,
2741.44,2895.0,2601.0,2852.6,245675.27628,2964.1295,3545.645279990459,2382.613720009541,0.3923686734945009,-178.59941966609404,-166.68067066346057,44.004943256327174,,2852.6,,44.004943256327174
2851.93,2920.44,2726.94,2768.89,176882.63424,2932.441,3481.50510393267,2383.3768960673297,0.3744758062874378,-168.045175013674,-166.95357153350326,41.02637689368976,,,,
2767.69,2789.96,2555.0,2604.36,155474.07415,2894.1575000000003,3421.0809610903057,2367.234038909695,0.36412908495153107,-170.98597990317194,-167.760053207437,35.885085285925555,,,,
2604.65,2680.0,2556.18,2601.13,117489.40973,2855.4605,3346.1031961692483,2364.817803830752,0.34365223834771885,-171.59913262298915,-168.52786909054745,35.79026176993118,,,,
2601.13,2717.42,2516.0,2523.3,106813.71484,2813.919,3265.9586153529467,2361.879384647053,0.32128829248670404,-176.33261487567142,-170.08881824757228,33.49361954025623,,,,
2523.01,2598.54,2427.5,2586.24,97859.71612,2783.819,3210.363359827993,2357.274640172007,0.3064454692118942,-173.01085577396316,-170.67322575285047,37.013595372199454,,,,
2586.3,2714.28,2550.0,2657.0,101536.88121,2761.1969999999997,3162.2572677430476,2360.1367322569517,0.2904973949653342,-162.7920483259013,-169.09699026746065,40.80669891878254,,,,
2658.08,2674.57,2429.0,2438.92,123756.03619,2728.2815,3121.1950547232796,2335.3679452767205,0.288030069274948,-170.32732535246532,-169.3430572844616,34.00909764776253,,,,
2438.92,2546.03,2155.0,2230.9,286507.83591,2693.2485,3132.105874806584,2254.3911251934164,0.3258944540814438,-190.88412368987383,-173.65127056554405,29.03983155737761,2230.9,,29.03983155737761,
2231.96,2388.0,2172.77,2338.47,249701.00788,2663.7879999999996,3115.3073678704454,2212.2686321295537,0.339005482321,-196.23349660237182,-178.16771577290962,34.379422089568166,,,,
2338.51,2455.0,2318.58,2427.05,150341.23063,2637.8925,3080.83883429846,2194.94616570154,0.3358334991273981,-191.1221257170041,-180.75859776172854,38.48437294939622,,,,
